N;time
1000;83
1000;34
1000;25
1000;24
1000;24
1000;24
1000;24
1000;24
1000;24
1000;24
1000;24
1000;24
1000;23
1000;23
1000;23
1000;23
1000;24
1000;24
1000;23
1000;24
1000;24
1000;23
1000;23
1000;24
1000;23
1000;24
1000;24
1000;23
1000;23
1000;24
1000;23
1000;24
1000;23
1000;23
1000;23
1000;23
1000;23
1000;23
1000;23
1000;23
1000;24
1000;23
1000;24
1000;23
1000;24
1000;23
1000;24
1000;24
1000;24
1000;24
1000;24
1000;24
1000;23
1000;24
1000;24
1000;23
1000;23
1000;23
1000;23
1000;23
1000;23
1000;23
1000;23
1000;23
1000;23
1000;24
1000;23
1000;23
1000;23
1000;23
1000;23
1000;23
1000;24
1000;23
1000;23
1000;23
1000;23
1000;23
1000;23
1000;23
1000;23
1000;23
1000;23
1000;23
1000;23
1000;23
1000;24
1000;23
1000;23
1000;23
1000;23
1000;23
1000;23
1000;24
1000;23
1000;23
1000;23
1000;23
1000;23
1000;23
2000;184
2000;156
2000;122
2000;94
2000;74
2000;60
2000;49
2000;45
2000;44
2000;44
2000;44
2000;44
2000;44
2000;45
2000;60
2000;52
2000;47
2000;47
2000;48
2000;47
2000;47
2000;49
2000;47
2000;45
2000;44
2000;44
2000;44
2000;44
2000;44
2000;44
2000;44
2000;58
2000;64
2000;59
2000;55
2000;45
2000;44
2000;44
2000;43
2000;46
2000;48
2000;45
2000;45
2000;44
2000;44
2000;44
2000;46
2000;46
2000;45
2000;44
2000;45
2000;45
2000;45
2000;45
2000;44
2000;44
2000;45
2000;45
2000;44
2000;44
2000;44
2000;44
2000;44
2000;46
2000;47
2000;45
2000;45
2000;45
2000;45
2000;45
2000;45
2000;45
2000;45
2000;46
2000;45
2000;44
2000;44
2000;44
2000;44
2000;44
2000;44
2000;44
2000;44
2000;44
2000;44
2000;44
2000;44
2000;44
2000;44
2000;44
2000;44
2000;44
2000;44
2000;44
2000;44
2000;44
2000;43
2000;43
2000;44
2000;44
3000;317
3000;290
3000;268
3000;242
3000;217
3000;199
3000;177
3000;158
3000;145
3000;131
3000;118
3000;107
3000;95
3000;88
3000;82
3000;78
3000;74
3000;71
3000;73
3000;71
3000;66
3000;68
3000;69
3000;70
3000;73
3000;67
3000;66
3000;64
3000;65
3000;64
3000;64
3000;67
3000;66
3000;66
3000;67
3000;73
3000;69
3000;71
3000;70
3000;69
3000;66
3000;66
3000;66
3000;71
3000;74
3000;73
3000;74
3000;74
3000;72
3000;68
3000;66
3000;66
3000;66
3000;66
3000;66
3000;66
3000;66
3000;66
3000;66
3000;66
3000;66
3000;66
3000;69
3000;71
3000;72
3000;72
3000;67
3000;66
3000;67
3000;67
3000;67
3000;67
3000;67
3000;67
3000;68
3000;67
3000;67
3000;67
3000;67
3000;67
3000;67
3000;68
3000;68
3000;68
3000;68
3000;68
3000;68
3000;68
3000;68
3000;68
3000;68
3000;69
3000;68
3000;68
3000;68
3000;67
3000;68
3000;68
3000;67
3000;70
4000;436
4000;406
4000;386
4000;363
4000;344
4000;328
4000;310
4000;293
4000;277
4000;263
4000;246
4000;232
4000;218
4000;202
4000;189
4000;179
4000;171
4000;162
4000;148
4000;139
4000;131
4000;123
4000;118
4000;112
4000;106
4000;112
4000;104
4000;98
4000;94
4000;91
4000;91
4000;91
4000;91
4000;90
4000;90
4000;90
4000;90
4000;90
4000;91
4000;91
4000;91
4000;91
4000;92
4000;91
4000;99
4000;99
4000;91
4000;89
4000;90
4000;89
4000;87
4000;87
4000;87
4000;94
4000;94
4000;95
4000;95
4000;95
4000;96
4000;96
4000;96
4000;95
4000;96
4000;96
4000;96
4000;93
4000;96
4000;103
4000;93
4000;94
4000;111
4000;93
4000;92
4000;92
4000;91
4000;89
4000;93
4000;98
4000;98
4000;98
4000;98
4000;99
4000;99
4000;98
4000;87
4000;90
4000;90
4000;91
4000;91
4000;92
4000;90
4000;89
4000;88
4000;89
4000;89
4000;88
4000;89
4000;88
4000;88
4000;89
5000;542
5000;521
5000;523
5000;509
5000;491
5000;501
5000;495
5000;447
5000;432
5000;418
5000;405
5000;387
5000;365
5000;347
5000;336
5000;321
5000;315
5000;303
5000;287
5000;280
5000;271
5000;259
5000;251
5000;244
5000;258
5000;243
5000;226
5000;216
5000;206
5000;188
5000;174
5000;168
5000;162
5000;159
5000;157
5000;152
5000;142
5000;139
5000;137
5000;133
5000;128
5000;121
5000;119
5000;117
5000;116
5000;125
5000;113
5000;109
5000;108
5000;106
5000;107
5000;107
5000;106
5000;106
5000;106
5000;107
5000;107
5000;106
5000;107
5000;106
5000;107
5000;106
5000;106
5000;106
5000;106
5000;107
5000;107
5000;110
5000;111
5000;112
5000;111
5000;111
5000;110
5000;109
5000;108
5000;107
5000;106
5000;107
5000;108
5000;111
5000;110
5000;108
5000;107
5000;107
5000;110
5000;116
5000;114
5000;109
5000;110
5000;111
5000;122
5000;120
5000;119
5000;119
5000;119
5000;106
5000;117
5000;118
5000;118
5000;119
6000;627
6000;605
6000;579
6000;564
6000;569
6000;537
6000;576
6000;572
6000;566
6000;558
6000;503
6000;478
6000;471
6000;494
6000;496
6000;435
6000;431
6000;425
6000;424
6000;390
6000;400
6000;384
6000;370
6000;364
6000;347
6000;343
6000;325
6000;312
6000;304
6000;295
6000;289
6000;279
6000;286
6000;291
6000;281
6000;274
6000;269
6000;263
6000;255
6000;252
6000;243
6000;220
6000;217
6000;218
6000;218
6000;200
6000;197
6000;190
6000;187
6000;184
6000;178
6000;172
6000;179
6000;171
6000;170
6000;160
6000;155
6000;153
6000;151
6000;151
6000;148
6000;143
6000;144
6000;159
6000;142
6000;136
6000;134
6000;142
6000;135
6000;132
6000;132
6000;133
6000;132
6000;133
6000;132
6000;132
6000;130
6000;133
6000;145
6000;148
6000;148
6000;134
6000;133
6000;132
6000;134
6000;132
6000;132
6000;133
6000;133
6000;132
6000;133
6000;131
6000;131
6000;135
6000;136
6000;135
6000;155
6000;151
6000;139
6000;130
7000;786
7000;725
7000;710
7000;734
7000;707
7000;703
7000;707
7000;657
7000;642
7000;647
7000;623
7000;606
7000;601
7000;597
7000;579
7000;560
7000;557
7000;542
7000;543
7000;537
7000;522
7000;511
7000;498
7000;505
7000;489
7000;487
7000;476
7000;472
7000;461
7000;446
7000;436
7000;425
7000;437
7000;423
7000;398
7000;397
7000;386
7000;375
7000;384
7000;374
7000;363
7000;356
7000;348
7000;342
7000;330
7000;325
7000;322
7000;314
7000;314
7000;296
7000;294
7000;290
7000;281
7000;271
7000;268
7000;261
7000;254
7000;249
7000;244
7000;239
7000;234
7000;238
7000;223
7000;219
7000;214
7000;212
7000;207
7000;217
7000;218
7000;218
7000;214
7000;209
7000;210
7000;209
7000;182
7000;178
7000;175
7000;172
7000;173
7000;167
7000;166
7000;164
7000;164
7000;160
7000;160
7000;157
7000;155
7000;154
7000;154
7000;154
7000;153
7000;153
7000;151
7000;153
7000;151
7000;148
7000;149
7000;155
7000;150
7000;152
8000;819
8000;812
8000;797
8000;791
8000;787
8000;774
8000;760
8000;746
8000;754
8000;808
8000;821
8000;765
8000;720
8000;701
8000;754
8000;748
8000;741
8000;748
8000;747
8000;722
8000;660
8000;657
8000;707
8000;697
8000;689
8000;631
8000;614
8000;590
8000;585
8000;584
8000;576
8000;554
8000;545
8000;550
8000;569
8000;543
8000;536
8000;523
8000;521
8000;513
8000;499
8000;483
8000;475
8000;487
8000;469
8000;454
8000;451
8000;441
8000;432
8000;448
8000;478
8000;474
8000;456
8000;450
8000;439
8000;431
8000;417
8000;408
8000;399
8000;395
8000;397
8000;374
8000;354
8000;379
8000;332
8000;370
8000;370
8000;364
8000;358
8000;349
8000;345
8000;344
8000;335
8000;325
8000;318
8000;321
8000;307
8000;307
8000;276
8000;274
8000;266
8000;264
8000;273
8000;261
8000;253
8000;262
8000;254
8000;252
8000;246
8000;242
8000;238
8000;236
8000;229
8000;225
8000;218
8000;211
8000;206
8000;207
8000;204
8000;201
9000;930
9000;1007
9000;982
9000;965
9000;966
9000;994
9000;983
9000;856
9000;880
9000;898
9000;894
9000;852
9000;792
9000;794
9000;838
9000;851
9000;848
9000;837
9000;829
9000;816
9000;834
9000;794
9000;740
9000;743
9000;771
9000;767
9000;685
9000;746
9000;749
9000;741
9000;726
9000;700
9000;681
9000;703
9000;702
9000;696
9000;711
9000;692
9000;657
9000;629
9000;611
9000;596
9000;596
9000;592
9000;607
9000;611
9000;579
9000;552
9000;538
9000;528
9000;525
9000;526
9000;551
9000;561
9000;511
9000;499
9000;497
9000;498
9000;495
9000;485
9000;497
9000;520
9000;505
9000;501
9000;489
9000;475
9000;480
9000;473
9000;468
9000;460
9000;458
9000;451
9000;448
9000;442
9000;435
9000;429
9000;429
9000;419
9000;412
9000;407
9000;403
9000;407
9000;404
9000;396
9000;390
9000;383
9000;383
9000;384
9000;359
9000;335
9000;329
9000;321
9000;316
9000;307
9000;307
9000;303
9000;297
9000;295
9000;290
9000;302
10000;1052
10000;1062
10000;1112
10000;1105
10000;1094
10000;1095
10000;1077
10000;1064
10000;1066
10000;1061
10000;978
10000;989
10000;1021
10000;1014
10000;940
10000;912
10000;914
10000;929
10000;995
10000;913
10000;904
10000;892
10000;884
10000;905
10000;892
10000;887
10000;874
10000;849
10000;835
10000;826
10000;862
10000;864
10000;865
10000;868
10000;857
10000;838
10000;841
10000;816
10000;785
10000;798
10000;799
10000;790
10000;793
10000;745
10000;720
10000;717
10000;700
10000;692
10000;687
10000;690
10000;727
10000;722
10000;714
10000;706
10000;712
10000;656
10000;643
10000;634
10000;630
10000;626
10000;611
10000;603
10000;595
10000;586
10000;571
10000;563
10000;559
10000;552
10000;546
10000;540
10000;541
10000;532
10000;527
10000;521
10000;518
10000;516
10000;509
10000;504
10000;496
10000;497
10000;485
10000;484
10000;478
10000;474
10000;468
10000;461
10000;459
10000;455
10000;450
10000;445
10000;448
10000;463
10000;447
10000;477
10000;445
10000;446
10000;439
10000;433
10000;421
10000;421
