N;time
1000;549
1000;552
1000;560
1000;604
1000;549
1000;538
1000;529
1000;560
1000;581
1000;589
1000;582
1000;570
1000;584
1000;587
1000;538
1000;518
1000;524
1000;521
1000;531
1000;561
1000;534
1000;516
1000;519
1000;518
1000;522
1000;527
1000;526
1000;523
1000;545
1000;570
1000;576
1000;541
1000;547
1000;522
1000;529
1000;535
1000;524
1000;522
1000;528
1000;561
1000;521
1000;581
1000;542
1000;534
1000;529
1000;543
1000;550
1000;532
1000;526
1000;520
1000;523
1000;529
1000;573
1000;563
1000;534
1000;543
1000;557
1000;584
1000;575
1000;564
1000;564
1000;587
1000;574
1000;537
1000;553
1000;537
1000;548
1000;550
1000;544
1000;568
1000;548
1000;587
1000;579
1000;559
1000;544
1000;549
1000;585
1000;578
1000;533
1000;612
1000;561
1000;563
1000;579
1000;544
1000;533
1000;546
1000;530
1000;550
1000;582
1000;577
1000;574
1000;635
1000;515
1000;529
1000;523
1000;514
1000;519
1000;518
1000;518
1000;564
2000;546
2000;553
2000;583
2000;605
2000;605
2000;605
2000;604
2000;600
2000;570
2000;624
2000;614
2000;602
2000;580
2000;555
2000;576
2000;581
2000;551
2000;552
2000;549
2000;570
2000;562
2000;592
2000;562
2000;558
2000;569
2000;577
2000;574
2000;562
2000;563
2000;560
2000;549
2000;553
2000;564
2000;564
2000;570
2000;570
2000;603
2000;598
2000;598
2000;598
2000;539
2000;543
2000;545
2000;554
2000;588
2000;609
2000;594
2000;549
2000;555
2000;620
2000;573
2000;554
2000;553
2000;555
2000;550
2000;592
2000;594
2000;594
2000;594
2000;594
2000;593
2000;592
2000;593
2000;538
2000;580
2000;592
2000;593
2000;592
2000;592
2000;592
2000;593
2000;594
2000;594
2000;591
2000;543
2000;538
2000;539
2000;539
2000;539
2000;538
2000;540
2000;541
2000;542
2000;548
2000;551
2000;556
2000;562
2000;590
2000;556
2000;547
2000;588
2000;611
2000;620
2000;548
2000;546
2000;558
2000;595
2000;547
2000;555
2000;557
3000;596
3000;626
3000;638
3000;650
3000;628
3000;567
3000;569
3000;568
3000;578
3000;580
3000;584
3000;580
3000;602
3000;603
3000;606
3000;598
3000;624
3000;577
3000;631
3000;623
3000;578
3000;585
3000;617
3000;635
3000;656
3000;620
3000;636
3000;595
3000;608
3000;631
3000;621
3000;632
3000;677
3000;625
3000;664
3000;651
3000;598
3000;577
3000;619
3000;628
3000;584
3000;597
3000;593
3000;586
3000;577
3000;577
3000;619
3000;591
3000;643
3000;586
3000;641
3000;604
3000;597
3000;612
3000;607
3000;699
3000;657
3000;652
3000;637
3000;661
3000;662
3000;652
3000;614
3000;658
3000;615
3000;634
3000;601
3000;600
3000;591
3000;600
3000;601
3000;585
3000;592
3000;604
3000;591
3000;612
3000;613
3000;625
3000;591
3000;601
3000;587
3000;612
3000;639
3000;635
3000;636
3000;632
3000;644
3000;645
3000;578
3000;582
3000;575
3000;679
3000;638
3000;625
3000;634
3000;620
3000;627
3000;633
3000;630
3000;625
4000;626
4000;632
4000;631
4000;610
4000;587
4000;588
4000;587
4000;588
4000;583
4000;646
4000;621
4000;634
4000;628
4000;621
4000;624
4000;634
4000;632
4000;591
4000;582
4000;624
4000;628
4000;611
4000;573
4000;597
4000;597
4000;571
4000;570
4000;575
4000;573
4000;572
4000;588
4000;582
4000;605
4000;574
4000;603
4000;619
4000;592
4000;571
4000;575
4000;572
4000;639
4000;586
4000;621
4000;633
4000;616
4000;622
4000;583
4000;585
4000;580
4000;581
4000;569
4000;603
4000;619
4000;589
4000;594
4000;622
4000;620
4000;582
4000;582
4000;657
4000;618
4000;569
4000;580
4000;578
4000;572
4000;567
4000;577
4000;569
4000;570
4000;567
4000;568
4000;568
4000;571
4000;569
4000;577
4000;569
4000;580
4000;584
4000;576
4000;585
4000;586
4000;632
4000;600
4000;668
4000;611
4000;583
4000;584
4000;649
4000;595
4000;580
4000;616
4000;625
4000;621
4000;622
4000;623
4000;623
4000;608
4000;583
4000;580
4000;602
5000;606
5000;688
5000;646
5000;636
5000;618
5000;602
5000;606
5000;604
5000;603
5000;604
5000;603
5000;601
5000;601
5000;603
5000;604
5000;605
5000;604
5000;609
5000;613
5000;620
5000;609
5000;609
5000;608
5000;611
5000;619
5000;625
5000;656
5000;654
5000;637
5000;630
5000;626
5000;623
5000;628
5000;607
5000;612
5000;650
5000;642
5000;649
5000;655
5000;639
5000;622
5000;608
5000;615
5000;624
5000;613
5000;601
5000;613
5000;606
5000;601
5000;601
5000;600
5000;605
5000;638
5000;649
5000;650
5000;649
5000;647
5000;647
5000;647
5000;646
5000;646
5000;647
5000;645
5000;646
5000;645
5000;648
5000;650
5000;650
5000;690
5000;671
5000;649
5000;646
5000;646
5000;645
5000;606
5000;600
5000;601
5000;600
5000;599
5000;599
5000;599
5000;600
5000;599
5000;600
5000;631
5000;643
5000;642
5000;629
5000;644
5000;644
5000;643
5000;643
5000;641
5000;642
5000;642
5000;642
5000;642
5000;644
5000;624
5000;600
6000;639
6000;648
6000;643
6000;609
6000;602
6000;601
6000;603
6000;599
6000;601
6000;602
6000;601
6000;603
6000;603
6000;671
6000;612
6000;601
6000;601
6000;601
6000;601
6000;600
6000;602
6000;601
6000;601
6000;601
6000;601
6000;603
6000;601
6000;601
6000;600
6000;601
6000;601
6000;601
6000;601
6000;601
6000;601
6000;600
6000;600
6000;601
6000;602
6000;600
6000;600
6000;601
6000;603
6000;604
6000;600
6000;601
6000;601
6000;644
6000;602
6000;606
6000;643
6000;644
6000;644
6000;643
6000;642
6000;646
6000;643
6000;643
6000;644
6000;643
6000;642
6000;642
6000;642
6000;642
6000;642
6000;641
6000;642
6000;640
6000;640
6000;640
6000;640
6000;639
6000;639
6000;639
6000;640
6000;640
6000;639
6000;639
6000;638
6000;637
6000;640
6000;629
6000;600
6000;604
6000;606
6000;634
6000;636
6000;635
6000;635
6000;634
6000;637
6000;635
6000;635
6000;640
6000;641
6000;638
6000;607
6000;632
6000;638
6000;637
7000;635
7000;638
7000;638
7000;640
7000;638
7000;637
7000;637
7000;636
7000;636
7000;637
7000;636
7000;636
7000;637
7000;636
7000;635
7000;636
7000;636
7000;635
7000;635
7000;635
7000;636
7000;615
7000;600
7000;603
7000;600
7000;621
7000;635
7000;635
7000;634
7000;629
7000;624
7000;635
7000;633
7000;633
7000;628
7000;608
7000;602
7000;600
7000;601
7000;601
7000;600
7000;603
7000;602
7000;601
7000;601
7000;602
7000;601
7000;600
7000;600
7000;600
7000;606
7000;649
7000;665
7000;641
7000;637
7000;632
7000;599
7000;599
7000;600
7000;601
7000;598
7000;599
7000;604
7000;599
7000;601
7000;600
7000;601
7000;602
7000;599
7000;600
7000;601
7000;629
7000;636
7000;635
7000;636
7000;627
7000;639
7000;638
7000;637
7000;641
7000;640
7000;637
7000;637
7000;636
7000;636
7000;643
7000;616
7000;611
7000;630
7000;609
7000;604
7000;621
7000;640
7000;650
7000;606
7000;605
7000;618
7000;616
7000;646
7000;640
8000;625
8000;640
8000;640
8000;619
8000;636
8000;637
8000;636
8000;636
8000;636
8000;637
8000;645
8000;646
8000;657
8000;644
8000;638
8000;640
8000;644
8000;645
8000;643
8000;648
8000;653
8000;653
8000;641
8000;624
8000;628
8000;657
8000;660
8000;663
8000;610
8000;640
8000;672
8000;633
8000;611
8000;633
8000;637
8000;633
8000;622
8000;657
8000;648
8000;655
8000;662
8000;641
8000;641
8000;644
8000;640
8000;626
8000;656
8000;639
8000;627
8000;659
8000;664
8000;656
8000;643
8000;643
8000;623
8000;648
8000;710
8000;637
8000;623
8000;639
8000;650
8000;650
8000;619
8000;634
8000;646
8000;643
8000;623
8000;643
8000;648
8000;640
8000;624
8000;603
8000;601
8000;605
8000;630
8000;601
8000;600
8000;601
8000;602
8000;600
8000;601
8000;601
8000;603
8000;603
8000;603
8000;607
8000;604
8000;601
8000;601
8000;600
8000;601
8000;601
8000;600
8000;601
8000;600
8000;601
8000;601
8000;601
8000;601
8000;599
9000;633
9000;633
9000;634
9000;633
9000;632
9000;633
9000;633
9000;632
9000;633
9000;633
9000;634
9000;633
9000;632
9000;632
9000;633
9000;633
9000;633
9000;631
9000;633
9000;633
9000;632
9000;633
9000;633
9000;632
9000;633
9000;633
9000;632
9000;633
9000;635
9000;633
9000;633
9000;632
9000;632
9000;632
9000;632
9000;633
9000;633
9000;634
9000;633
9000;632
9000;632
9000;632
9000;632
9000;633
9000;633
9000;634
9000;633
9000;632
9000;633
9000;633
9000;632
9000;633
9000;634
9000;636
9000;632
9000;635
9000;648
9000;690
9000;698
9000;689
9000;722
9000;717
9000;832
9000;662
9000;647
9000;634
9000;688
9000;678
9000;721
9000;725
9000;669
9000;677
9000;694
9000;673
9000;683
9000;674
9000;678
9000;662
9000;680
9000;679
9000;679
9000;685
9000;641
9000;633
9000;645
9000;636
9000;658
9000;668
9000;701
9000;677
9000;690
9000;694
9000;675
9000;671
9000;660
9000;660
9000;681
9000;676
9000;676
9000;680
10000;678
10000;680
10000;679
10000;679
10000;679
10000;678
10000;678
10000;677
10000;653
10000;632
10000;632
10000;632
10000;633
10000;632
10000;644
10000;632
10000;633
10000;644
10000;694
10000;689
10000;674
10000;652
10000;647
10000;667
10000;673
10000;656
10000;633
10000;670
10000;676
10000;673
10000;699
10000;667
10000;667
10000;658
10000;652
10000;651
10000;739
10000;666
10000;662
10000;667
10000;651
10000;645
10000;636
10000;637
10000;637
10000;651
10000;638
10000;673
10000;680
10000;667
10000;701
10000;698
10000;678
10000;666
10000;670
10000;673
10000;657
10000;679
10000;681
10000;681
10000;677
10000;655
10000;637
10000;635
10000;636
10000;636
10000;658
10000;683
10000;671
10000;672
10000;682
10000;682
10000;660
10000;634
10000;634
10000;634
10000;671
10000;637
10000;636
10000;637
10000;637
10000;635
10000;636
10000;638
10000;634
10000;636
10000;635
10000;636
10000;636
10000;636
10000;634
10000;637
10000;636
10000;637
10000;637
10000;637
10000;637
10000;637
10000;636
10000;637
