N;time
10000;203
10000;198
10000;197
10000;197
10000;196
10000;194
10000;175
10000;175
10000;178
10000;177
10000;177
10000;178
10000;177
10000;177
10000;178
10000;177
10000;177
10000;178
10000;178
10000;178
10000;174
10000;174
10000;176
10000;179
10000;185
10000;189
10000;199
10000;184
10000;176
10000;192
10000;182
10000;180
10000;187
10000;189
10000;179
10000;191
10000;200
10000;207
10000;198
10000;196
10000;188
10000;185
10000;184
10000;183
10000;189
10000;192
10000;195
10000;196
10000;200
10000;197
10000;200
10000;196
10000;191
10000;209
10000;212
10000;181
10000;187
10000;186
10000;183
10000;179
10000;182
10000;183
10000;183
10000;185
10000;185
10000;183
10000;187
10000;182
10000;187
10000;186
10000;188
10000;189
10000;190
10000;187
10000;187
10000;186
10000;187
10000;182
10000;189
10000;187
10000;198
10000;222
10000;202
10000;185
10000;189
10000;200
10000;206
10000;203
10000;264
10000;208
10000;205
10000;208
10000;193
10000;186
10000;181
10000;182
10000;184
10000;184
10000;185
10000;185
20000;379
20000;361
20000;381
20000;357
20000;370
20000;359
20000;361
20000;361
20000;368
20000;381
20000;377
20000;400
20000;392
20000;400
20000;370
20000;364
20000;388
20000;369
20000;365
20000;364
20000;366
20000;365
20000;365
20000;366
20000;365
20000;360
20000;368
20000;370
20000;370
20000;399
20000;398
20000;382
20000;381
20000;375
20000;377
20000;374
20000;382
20000;375
20000;372
20000;373
20000;398
20000;409
20000;412
20000;477
20000;414
20000;403
20000;386
20000;384
20000;379
20000;387
20000;382
20000;387
20000;378
20000;368
20000;364
20000;393
20000;397
20000;391
20000;385
20000;384
20000;403
20000;414
20000;404
20000;379
20000;367
20000;377
20000;398
20000;409
20000;395
20000;396
20000;385
20000;374
20000;385
20000;399
20000;466
20000;404
20000;399
20000;385
20000;403
20000;374
20000;385
20000;383
20000;390
20000;387
20000;391
20000;393
20000;391
20000;390
20000;386
20000;379
20000;366
20000;365
20000;375
20000;364
20000;363
20000;364
20000;363
20000;368
20000;427
20000;403
30000;618
30000;603
30000;591
30000;569
30000;564
30000;559
30000;571
30000;569
30000;583
30000;608
30000;568
30000;569
30000;576
30000;568
30000;608
30000;624
30000;660
30000;598
30000;624
30000;615
30000;620
30000;615
30000;610
30000;609
30000;610
30000;557
30000;582
30000;567
30000;559
30000;561
30000;558
30000;556
30000;578
30000;606
30000;617
30000;620
30000;613
30000;615
30000;586
30000;534
30000;553
30000;569
30000;561
30000;592
30000;606
30000;550
30000;564
30000;584
30000;573
30000;604
30000;548
30000;557
30000;546
30000;559
30000;554
30000;541
30000;541
30000;602
30000;565
30000;547
30000;570
30000;568
30000;600
30000;553
30000;565
30000;549
30000;556
30000;556
30000;538
30000;542
30000;549
30000;559
30000;558
30000;557
30000;558
30000;559
30000;568
30000;561
30000;555
30000;555
30000;541
30000;537
30000;540
30000;550
30000;583
30000;606
30000;606
30000;553
30000;552
30000;553
30000;555
30000;554
30000;619
30000;544
30000;543
30000;543
30000;539
30000;541
30000;559
30000;603
40000;744
40000;726
40000;733
40000;760
40000;740
40000;770
40000;732
40000;730
40000;737
40000;742
40000;818
40000;814
40000;816
40000;765
40000;739
40000;731
40000;738
40000;736
40000;749
40000;744
40000;801
40000;753
40000;796
40000;812
40000;808
40000;766
40000;757
40000;774
40000;719
40000;725
40000;803
40000;724
40000;779
40000;804
40000;771
40000;767
40000;784
40000;773
40000;795
40000;767
40000;749
40000;758
40000;784
40000;772
40000;777
40000;759
40000;800
40000;777
40000;757
40000;792
40000;744
40000;765
40000;778
40000;780
40000;783
40000;842
40000;825
40000;813
40000;800
40000;776
40000;791
40000;780
40000;774
40000;755
40000;808
40000;756
40000;763
40000;789
40000;799
40000;776
40000;752
40000;806
40000;772
40000;826
40000;755
40000;812
40000;830
40000;749
40000;744
40000;739
40000;718
40000;751
40000;809
40000;791
40000;765
40000;899
40000;807
40000;733
40000;796
40000;748
40000;750
40000;751
40000;777
40000;836
40000;810
40000;747
40000;740
40000;743
40000;775
40000;796
50000;935
50000;993
50000;1013
50000;1013
50000;997
50000;919
50000;926
50000;937
50000;940
50000;1042
50000;957
50000;936
50000;1001
50000;985
50000;989
50000;922
50000;930
50000;939
50000;988
50000;1001
50000;941
50000;945
50000;943
50000;975
50000;943
50000;943
50000;941
50000;1075
50000;991
50000;967
50000;927
50000;1003
50000;987
50000;1002
50000;986
50000;944
50000;910
50000;940
50000;968
50000;1015
50000;935
50000;943
50000;950
50000;938
50000;948
50000;944
50000;975
50000;963
50000;947
50000;1022
50000;980
50000;962
50000;1045
50000;919
50000;913
50000;1004
50000;973
50000;939
50000;923
50000;959
50000;977
50000;955
50000;928
50000;922
50000;962
50000;936
50000;931
50000;984
50000;929
50000;942
50000;1095
50000;1050
50000;999
50000;938
50000;948
50000;965
50000;1013
50000;1019
50000;963
50000;949
50000;938
50000;1008
50000;945
50000;1009
50000;1008
50000;974
50000;971
50000;943
50000;1034
50000;1040
50000;990
50000;998
50000;965
50000;957
50000;1014
50000;985
50000;918
50000;962
50000;952
50000;943
60000;1150
60000;1217
60000;1104
60000;1097
60000;1097
60000;1117
60000;1129
60000;1145
60000;1095
60000;1094
60000;1101
60000;1279
60000;1250
60000;1149
60000;1166
60000;1185
60000;1139
60000;1119
60000;1133
60000;1142
60000;1118
60000;1126
60000;1138
60000;1103
60000;1118
60000;1104
60000;1158
60000;1193
60000;1123
60000;1146
60000;1136
60000;1194
60000;1115
60000;1151
60000;1235
60000;1218
60000;1144
60000;1230
60000;1106
60000;1113
60000;1157
60000;1153
60000;1234
60000;1176
60000;1178
60000;1175
60000;1131
60000;1147
60000;1226
60000;1203
60000;1146
60000;1176
60000;1170
60000;1137
60000;1105
60000;1177
60000;1136
60000;1189
60000;1199
60000;1132
60000;1106
60000;1107
60000;1132
60000;1135
60000;1117
60000;1164
60000;1129
60000;1154
60000;1154
60000;1137
60000;1140
60000;1177
60000;1167
60000;1234
60000;1261
60000;1235
60000;1153
60000;1146
60000;1124
60000;1154
60000;1159
60000;1161
60000;1125
60000;1235
60000;1135
60000;1202
60000;1128
60000;1138
60000;1207
60000;1182
60000;1136
60000;1120
60000;1088
60000;1110
60000;1122
60000;1362
60000;1155
60000;1221
60000;1177
60000;1167
70000;1374
70000;1380
70000;1336
70000;1351
70000;1326
70000;1434
70000;1398
70000;1312
70000;1336
70000;1401
70000;1373
70000;1337
70000;1384
70000;1385
70000;1360
70000;1372
70000;1384
70000;1363
70000;1407
70000;1403
70000;1438
70000;1360
70000;1320
70000;1443
70000;1386
70000;1287
70000;1277
70000;1293
70000;1432
70000;1335
70000;1330
70000;1391
70000;1328
70000;1418
70000;1396
70000;1390
70000;1275
70000;1387
70000;1374
70000;1305
70000;1272
70000;1272
70000;1330
70000;1316
70000;1311
70000;1350
70000;1387
70000;1359
70000;1288
70000;1287
70000;1280
70000;1287
70000;1293
70000;1396
70000;1350
70000;1326
70000;1340
70000;1406
70000;1375
70000;1430
70000;1261
70000;1391
70000;1335
70000;1384
70000;1289
70000;1330
70000;1349
70000;1329
70000;1345
70000;1334
70000;1323
70000;1330
70000;1365
70000;1286
70000;1378
70000;1366
70000;1347
70000;1403
70000;1356
70000;1325
70000;1314
70000;1325
70000;1328
70000;1372
70000;1298
70000;1322
70000;1388
70000;1410
70000;1281
70000;1385
70000;1336
70000;1288
70000;1384
70000;1317
70000;1306
70000;1394
70000;1317
70000;1284
70000;1349
70000;1344
80000;1488
80000;1510
80000;1543
80000;1598
80000;1479
80000;1647
80000;1572
80000;1612
80000;1654
80000;1493
80000;1506
80000;1559
80000;1628
80000;1679
80000;1609
80000;1486
80000;1563
80000;1465
80000;1565
80000;1559
80000;1573
80000;1599
80000;1557
80000;1546
80000;1594
80000;1639
80000;1628
80000;1518
80000;1599
80000;1587
80000;1460
80000;1618
80000;1659
80000;1727
80000;1608
80000;1599
80000;1529
80000;1568
80000;1569
80000;1576
80000;1650
80000;1660
80000;1557
80000;1594
80000;1548
80000;1560
80000;1567
80000;1570
80000;1560
80000;1538
80000;1557
80000;1597
80000;1490
80000;1495
80000;1541
80000;1543
80000;1577
80000;1591
80000;1611
80000;1546
80000;1700
80000;1540
80000;1571
80000;1560
80000;1527
80000;1543
80000;1550
80000;1523
80000;1489
80000;1517
80000;1544
80000;1595
80000;1519
80000;1524
80000;1518
80000;1553
80000;1519
80000;1562
80000;1569
80000;1560
80000;1773
80000;1573
80000;1512
80000;1603
80000;1622
80000;1620
80000;1555
80000;1562
80000;1591
80000;1511
80000;1499
80000;1493
80000;1555
80000;1556
80000;1481
80000;1493
80000;1479
80000;1518
80000;1612
80000;1480
90000;1795
90000;1765
90000;1664
90000;1676
90000;1714
90000;1685
90000;1669
90000;1744
90000;1664
90000;1667
90000;1798
90000;1799
90000;1714
90000;1741
90000;1608
90000;1614
90000;1630
90000;1613
90000;1787
90000;1753
90000;1617
90000;1790
90000;1738
90000;1640
90000;1647
90000;1666
90000;1657
90000;1763
90000;1825
90000;1720
90000;1733
90000;1769
90000;1667
90000;1648
90000;1737
90000;1817
90000;1810
90000;1697
90000;1782
90000;1870
90000;1836
90000;1879
90000;1796
90000;1878
90000;1730
90000;1718
90000;1724
90000;1813
90000;1796
90000;1692
90000;1651
90000;1655
90000;1825
90000;1772
90000;1794
90000;1705
90000;1708
90000;1709
90000;1677
90000;1830
90000;1708
90000;1821
90000;1717
90000;1783
90000;1654
90000;1784
90000;1729
90000;1798
90000;1821
90000;1750
90000;1649
90000;1793
90000;1751
90000;1674
90000;1715
90000;1668
90000;1722
90000;1798
90000;1683
90000;1661
90000;1713
90000;1697
90000;1689
90000;1707
90000;1726
90000;1699
90000;1684
90000;1770
90000;1678
90000;1663
90000;1758
90000;1644
90000;1657
90000;1674
90000;1651
90000;1661
90000;1691
90000;1728
90000;1722
90000;1703
100000;1914
100000;1918
100000;1837
100000;1928
100000;1982
100000;1927
100000;1826
100000;1846
100000;1882
100000;2035
100000;1989
100000;1935
100000;1973
100000;1888
100000;1992
100000;1873
100000;1952
100000;1920
100000;2016
100000;1949
100000;1878
100000;1804
100000;1828
100000;1939
100000;1864
100000;1885
100000;1866
100000;1970
100000;1881
100000;1794
100000;1789
100000;1987
100000;2009
100000;1992
100000;1855
100000;1853
100000;1843
100000;1829
100000;1980
100000;1836
100000;1839
100000;1978
100000;1889
100000;1851
100000;1839
100000;1815
100000;1858
100000;1927
100000;1859
100000;1857
100000;2002
100000;1855
100000;1851
100000;1993
100000;1996
100000;1916
100000;1850
100000;1882
100000;1891
100000;1824
100000;1993
100000;1857
100000;1992
100000;1921
100000;1812
100000;1909
100000;1881
100000;1828
100000;1830
100000;1849
100000;1831
100000;1844
100000;1834
100000;1980
100000;2022
100000;1981
100000;1985
100000;2008
100000;1904
100000;1826
100000;1845
100000;1979
100000;1986
100000;1986
100000;2000
100000;1854
100000;1838
100000;1935
100000;1799
100000;1840
100000;1905
100000;1983
100000;1932
100000;1873
100000;1838
100000;1852
100000;1851
100000;1841
100000;1988
100000;1988
