N;time
10000;21
10000;21
10000;21
10000;20
10000;21
10000;21
10000;21
10000;21
10000;21
10000;20
10000;21
10000;21
10000;21
10000;21
10000;21
10000;21
10000;21
10000;21
10000;21
10000;20
10000;20
10000;20
10000;20
10000;20
10000;21
10000;20
10000;20
10000;22
10000;20
10000;20
10000;20
10000;21
10000;21
10000;21
10000;21
10000;21
10000;21
10000;22
10000;22
10000;22
10000;23
10000;22
10000;21
10000;21
10000;21
10000;21
10000;21
10000;21
10000;20
10000;21
10000;21
10000;21
10000;20
10000;21
10000;21
10000;20
10000;20
10000;20
10000;20
10000;20
10000;20
10000;20
10000;20
10000;20
10000;20
10000;21
10000;20
10000;20
10000;20
10000;20
10000;20
10000;20
10000;21
10000;20
10000;20
10000;21
10000;20
10000;20
10000;20
10000;20
10000;20
10000;20
10000;20
10000;20
10000;20
10000;20
10000;20
10000;21
10000;20
10000;20
10000;20
10000;20
10000;20
10000;21
10000;20
10000;20
10000;20
10000;20
10000;20
10000;20
20000;41
20000;41
20000;41
20000;41
20000;41
20000;41
20000;41
20000;41
20000;41
20000;41
20000;41
20000;41
20000;41
20000;41
20000;41
20000;41
20000;41
20000;41
20000;41
20000;41
20000;41
20000;41
20000;41
20000;41
20000;41
20000;41
20000;41
20000;41
20000;41
20000;41
20000;41
20000;40
20000;41
20000;40
20000;40
20000;41
20000;41
20000;41
20000;42
20000;43
20000;43
20000;43
20000;42
20000;42
20000;42
20000;42
20000;42
20000;42
20000;42
20000;42
20000;42
20000;41
20000;41
20000;42
20000;41
20000;41
20000;41
20000;41
20000;41
20000;41
20000;41
20000;41
20000;40
20000;40
20000;40
20000;40
20000;41
20000;42
20000;42
20000;41
20000;41
20000;40
20000;41
20000;40
20000;41
20000;42
20000;41
20000;41
20000;40
20000;40
20000;41
20000;44
20000;43
20000;41
20000;42
20000;41
20000;42
20000;41
20000;40
20000;46
20000;41
20000;41
20000;41
20000;41
20000;42
20000;43
20000;44
20000;41
20000;41
20000;40
30000;61
30000;61
30000;62
30000;61
30000;61
30000;61
30000;64
30000;63
30000;63
30000;63
30000;63
30000;63
30000;63
30000;62
30000;62
30000;61
30000;68
30000;87
30000;82
30000;71
30000;68
30000;64
30000;63
30000;64
30000;63
30000;63
30000;63
30000;62
30000;63
30000;61
30000;61
30000;61
30000;61
30000;61
30000;63
30000;60
30000;61
30000;61
30000;61
30000;61
30000;61
30000;61
30000;61
30000;61
30000;61
30000;61
30000;61
30000;61
30000;61
30000;62
30000;61
30000;61
30000;61
30000;61
30000;61
30000;61
30000;61
30000;61
30000;61
30000;61
30000;61
30000;61
30000;61
30000;61
30000;61
30000;62
30000;61
30000;61
30000;61
30000;61
30000;61
30000;61
30000;61
30000;63
30000;62
30000;61
30000;62
30000;61
30000;61
30000;61
30000;61
30000;61
30000;61
30000;61
30000;61
30000;61
30000;61
30000;61
30000;61
30000;61
30000;61
30000;61
30000;61
30000;61
30000;61
30000;61
30000;61
30000;61
30000;61
30000;61
40000;81
40000;82
40000;81
40000;82
40000;82
40000;81
40000;82
40000;81
40000;82
40000;81
40000;82
40000;81
40000;81
40000;81
40000;82
40000;81
40000;82
40000;82
40000;82
40000;81
40000;82
40000;81
40000;82
40000;81
40000;81
40000;81
40000;82
40000;81
40000;82
40000;82
40000;82
40000;81
40000;81
40000;82
40000;82
40000;81
40000;81
40000;81
40000;81
40000;81
40000;82
40000;81
40000;81
40000;81
40000;81
40000;81
40000;82
40000;81
40000;81
40000;81
40000;81
40000;82
40000;82
40000;84
40000;85
40000;85
40000;85
40000;85
40000;85
40000;85
40000;85
40000;85
40000;85
40000;85
40000;85
40000;89
40000;86
40000;84
40000;83
40000;81
40000;81
40000;82
40000;81
40000;81
40000;81
40000;81
40000;82
40000;82
40000;82
40000;81
40000;81
40000;82
40000;81
40000;81
40000;81
40000;81
40000;81
40000;81
40000;82
40000;82
40000;82
40000;82
40000;82
40000;81
40000;84
40000;81
40000;81
40000;82
40000;81
40000;81
50000;107
50000;103
50000;103
50000;102
50000;101
50000;102
50000;102
50000;102
50000;101
50000;102
50000;102
50000;101
50000;102
50000;102
50000;102
50000;102
50000;104
50000;106
50000;106
50000;107
50000;107
50000;107
50000;106
50000;107
50000;107
50000;107
50000;106
50000;107
50000;107
50000;107
50000;104
50000;101
50000;102
50000;102
50000;102
50000;102
50000;102
50000;102
50000;102
50000;102
50000;102
50000;102
50000;102
50000;102
50000;101
50000;102
50000;101
50000;102
50000;102
50000;102
50000;102
50000;102
50000;102
50000;105
50000;107
50000;107
50000;107
50000;107
50000;108
50000;107
50000;107
50000;107
50000;108
50000;107
50000;107
50000;107
50000;107
50000;107
50000;107
50000;108
50000;107
50000;107
50000;108
50000;108
50000;107
50000;108
50000;114
50000;112
50000;107
50000;102
50000;102
50000;102
50000;101
50000;102
50000;102
50000;102
50000;102
50000;102
50000;102
50000;102
50000;102
50000;102
50000;102
50000;102
50000;101
50000;102
50000;101
50000;102
50000;102
50000;102
60000;122
60000;122
60000;122
60000;122
60000;122
60000;122
60000;122
60000;122
60000;123
60000;122
60000;122
60000;122
60000;123
60000;122
60000;122
60000;122
60000;123
60000;122
60000;122
60000;122
60000;123
60000;122
60000;122
60000;122
60000;122
60000;122
60000;122
60000;124
60000;128
60000;130
60000;122
60000;122
60000;122
60000;122
60000;122
60000;122
60000;122
60000;123
60000;122
60000;122
60000;122
60000;122
60000;123
60000;122
60000;122
60000;123
60000;122
60000;122
60000;122
60000;123
60000;122
60000;122
60000;122
60000;122
60000;122
60000;122
60000;122
60000;123
60000;122
60000;122
60000;122
60000;122
60000;122
60000;122
60000;122
60000;123
60000;122
60000;122
60000;123
60000;123
60000;122
60000;122
60000;122
60000;123
60000;122
60000;122
60000;122
60000;122
60000;122
60000;122
60000;122
60000;123
60000;138
60000;139
60000;133
60000;132
60000;131
60000;131
60000;130
60000;131
60000;130
60000;130
60000;131
60000;130
60000;130
60000;130
60000;130
60000;131
60000;130
60000;130
70000;152
70000;152
70000;151
70000;152
70000;152
70000;152
70000;152
70000;149
70000;143
70000;143
70000;143
70000;143
70000;143
70000;144
70000;150
70000;152
70000;152
70000;152
70000;147
70000;144
70000;144
70000;142
70000;143
70000;142
70000;143
70000;143
70000;143
70000;143
70000;142
70000;143
70000;143
70000;143
70000;143
70000;143
70000;143
70000;143
70000;142
70000;143
70000;144
70000;142
70000;143
70000;143
70000;145
70000;142
70000;143
70000;143
70000;143
70000;142
70000;145
70000;142
70000;143
70000;143
70000;143
70000;143
70000;143
70000;144
70000;144
70000;142
70000;143
70000;143
70000;142
70000;142
70000;143
70000;142
70000;143
70000;143
70000;143
70000;142
70000;142
70000;143
70000;143
70000;142
70000;143
70000;143
70000;143
70000;142
70000;143
70000;143
70000;142
70000;143
70000;142
70000;142
70000;143
70000;143
70000;143
70000;143
70000;142
70000;142
70000;143
70000;143
70000;143
70000;143
70000;152
70000;153
70000;146
70000;143
70000;143
70000;143
70000;142
70000;143
80000;163
80000;163
80000;163
80000;163
80000;163
80000;164
80000;163
80000;165
80000;168
80000;174
80000;174
80000;174
80000;174
80000;174
80000;174
80000;174
80000;174
80000;174
80000;175
80000;174
80000;173
80000;174
80000;173
80000;174
80000;174
80000;174
80000;174
80000;174
80000;173
80000;174
80000;174
80000;173
80000;174
80000;174
80000;174
80000;174
80000;174
80000;174
80000;174
80000;173
80000;173
80000;173
80000;173
80000;173
80000;174
80000;173
80000;173
80000;173
80000;174
80000;173
80000;173
80000;173
80000;173
80000;173
80000;173
80000;173
80000;173
80000;173
80000;174
80000;174
80000;174
80000;174
80000;173
80000;173
80000;173
80000;173
80000;173
80000;174
80000;173
80000;173
80000;173
80000;173
80000;173
80000;173
80000;172
80000;173
80000;173
80000;173
80000;173
80000;173
80000;173
80000;173
80000;173
80000;173
80000;173
80000;172
80000;162
80000;163
80000;163
80000;163
80000;163
80000;167
80000;163
80000;163
80000;191
80000;170
80000;165
80000;163
80000;163
80000;163
90000;183
90000;184
90000;184
90000;184
90000;190
90000;184
90000;189
90000;190
90000;189
90000;193
90000;196
90000;195
90000;195
90000;187
90000;193
90000;195
90000;194
90000;195
90000;194
90000;194
90000;194
90000;183
90000;184
90000;183
90000;183
90000;184
90000;183
90000;183
90000;184
90000;183
90000;183
90000;184
90000;183
90000;183
90000;183
90000;183
90000;184
90000;183
90000;183
90000;183
90000;183
90000;184
90000;183
90000;183
90000;184
90000;183
90000;183
90000;183
90000;183
90000;184
90000;183
90000;184
90000;184
90000;184
90000;184
90000;183
90000;183
90000;183
90000;183
90000;183
90000;184
90000;183
90000;184
90000;183
90000;183
90000;183
90000;184
90000;183
90000;184
90000;183
90000;183
90000;183
90000;183
90000;183
90000;183
90000;183
90000;183
90000;184
90000;183
90000;183
90000;183
90000;183
90000;184
90000;184
90000;192
90000;195
90000;195
90000;194
90000;194
90000;195
90000;195
90000;202
90000;193
90000;183
90000;183
90000;183
90000;183
90000;183
90000;183
90000;183
100000;203
100000;204
100000;204
100000;210
100000;215
100000;216
100000;216
100000;216
100000;215
100000;216
100000;220
100000;221
100000;223
100000;224
100000;228
100000;219
100000;217
100000;217
100000;217
100000;217
100000;217
100000;218
100000;214
100000;217
100000;217
100000;216
100000;216
100000;217
100000;217
100000;217
100000;216
100000;216
100000;209
100000;215
100000;215
100000;210
100000;210
100000;204
100000;204
100000;204
100000;204
100000;210
100000;210
100000;210
100000;206
100000;216
100000;217
100000;221
100000;219
100000;219
100000;216
100000;257
100000;210
100000;207
100000;212
100000;214
100000;208
100000;211
100000;207
100000;213
100000;208
100000;211
100000;210
100000;209
100000;207
100000;210
100000;219
100000;219
100000;218
100000;222
100000;221
100000;207
100000;205
100000;205
100000;204
100000;205
100000;205
100000;205
100000;219
100000;219
100000;222
100000;224
100000;215
100000;205
100000;205
100000;205
100000;205
100000;205
100000;207
100000;208
100000;209
100000;208
100000;212
100000;230
100000;228
100000;212
100000;220
100000;226
100000;225
100000;222
